--- Anzahl der Spieleveröffentlichungen pro Jahr ---
Year
0       165
1980      8
1981     43
1982     33
1983     16
1984     12
1985     13
1986     21
1987     15
1988     11
1989     14
1990     14
1991     40
1992     37
1993     57
1994    111
1995    200
1996    247
1997    265
1998    347
1999    291
2000    297
2001    410
2002    565
2003    485
2004    520
2005    615
2006    722
2007    835
2008    985
2009    959
2010    859
2011    746
2012    407
2013    296
2014    279
2015    333
2016    194
2017      2
2020      1